16 38
7 4
16 20
16 11
4 7
16 2
19 20
42 41
14 2
23 22
18 41
38 39
35 38
40 41
9 7
31 14
41 42
17 42
19 9
42 17
2 14
14 13
26 27
14 31
9 19
40 42
9 20
40 17
16 33
7 9
16 31
41 18
22 28
17 41
37 38
41 27
22 23
38 34
11 12
32 31
38 37
20 19
8 31
33 9
26 24
2 1
18 16
20 33
31 20
2 19
27 25
13 31
40 18
40 25
31 8
7 19
41 40
19 2
41 17
17 40
16 14
41 26
9 33
19 16
23 4
25 27
1 2
4 9
27 41
32 2
13 32
5 24
38 35
35 34
26 25
18 17
2 16
27 24
33 19
33 20
31 2
9 4
3 6
24 25
26 41
41 25
25 17
34 35
17 25
25 26
2 32
17 18
11 16
19 33
18 42
14 16
24 41
31 32
35 37
2 31
9 16
12 11
24 5
31 13
24 26
10 21
38 16
4 23
16 18
14 32
16 9
37 35
41 24
32 13
42 18
33 7
39 38
27 26
7 33
25 41
13 14
24 27
16 19
28 22
19 7
34 38
25 24
42 40
32 14
20 2
18 40
20 9
20 16
20 31
2 20
31 16
21 10
6 3
33 16
25 40
