4 7 0.0498220640569
16 23 0.00866551126516
17 18 0.0107839070925
17 40 0.0109769484083
17 41 0.0126227208976
17 42 0.0213903743316
17 43 0.0180821917808
18 40 0.00884433962264
18 41 0.00842418235877
18 42 0.00792910447761
18 43 0.0111241217799
22 23 0.0216216216216
24 27 0.00834724540902
25 27 0.0206572769953
30 31 0.779122541604
33 39 0.00833333333333
34 35 0.0103359173127
34 38 0.00873839432004
34 43 0.00840336134454
35 38 0.0078781512605
36 39 0.0100143061516
36 43 0.00765550239234
37 39 0.00835322195704
39 43 0.0088161209068
40 41 0.0249110320285
40 42 0.0446964643095
40 43 0.0309653916211
41 42 0.0260586319218
41 43 0.0429799426934
42 43 0.0286085825748
